     lat_deg     lon_deg    depth_km  x_local_km  y_local_km   length_km    width_km  slp_strk_m  slp_ddip_m    slp_am_m  strike_deg     dip_deg    rake_deg sig_stk_MPa sig_ddi_MPa sig_nrm_MPa
     29.6044    101.9316      0.6575      0.4877      0.5000      0.9753      1.0000      0.0000      0.0007      0.0007     44.6588     31.0000    270.0000      0.0106     -0.0559      0.0544
     29.5990    101.9379      1.1726      0.4877      1.5000      0.9753      1.0000      0.0000      0.0000      0.0000     44.6588     31.0000      0.0000      0.0793     -0.1081      0.0601
     29.5936    101.9442      1.6876      0.4877      2.5000      0.9753      1.0000      0.0000      0.0000      0.0000     44.6588     31.0000      0.0000      0.2038     -0.1957      0.0687
     29.5882    101.9505      2.2026      0.4877      3.5000      0.9753      1.0000     -0.0057      0.0057      0.0080     44.6588     31.0000    225.0000      0.2061     -0.1394      0.0772
     29.5828    101.9568      2.7177      0.4877      4.5000      0.9753      1.0000     -0.0123      0.0123      0.0174     44.6588     31.0000    225.0000      0.1136     -0.0311      0.0766
     29.5774    101.9631      3.2327      0.4877      5.5000      0.9753      1.0000     -0.0135      0.0135      0.0191     44.6588     31.0000    225.0000      0.0751     -0.0222      0.0677
     29.5719    101.9694      3.7477      0.4877      6.5000      0.9753      1.0000     -0.0109      0.0109      0.0154     44.6588     31.0000    225.0000      0.0800     -0.0619      0.0555
     29.5665    101.9757      4.2628      0.4877      7.5000      0.9753      1.0000     -0.0079      0.0079      0.0112     44.6588     31.0000    225.0000      0.0811     -0.0828      0.0435
     29.5611    101.9820      4.7778      0.4877      8.5000      0.9753      1.0000     -0.0060      0.0060      0.0085     44.6588     31.0000    225.0000      0.0654     -0.0750      0.0332
     29.5557    101.9883      5.2929      0.4877      9.5000      0.9753      1.0000     -0.0050      0.0050      0.0071     44.6588     31.0000    225.0000      0.0452     -0.0578      0.0250
     29.5503    101.9946      5.8079      0.4877     10.5000      0.9753      1.0000     -0.0043      0.0043      0.0060     44.6588     31.0000    225.0000      0.0295     -0.0438      0.0187
     29.5449    102.0010      6.3229      0.4877     11.5000      0.9753      1.0000     -0.0036      0.0036      0.0051     44.6588     31.0000    225.0000      0.0188     -0.0335      0.0139
     29.5394    102.0073      6.8380      0.4877     12.5000      0.9753      1.0000     -0.0030      0.0030      0.0043     44.6588     31.0000    225.0000      0.0114     -0.0252      0.0104
     29.5340    102.0136      7.3530      0.4877     13.5000      0.9753      1.0000     -0.0024      0.0024      0.0033     44.6588     31.0000    225.0000      0.0077     -0.0203      0.0077
     29.5286    102.0199      7.8681      0.4877     14.5000      0.9753      1.0000     -0.0014      0.0014      0.0020     44.6588     31.0000    225.0230      0.0108     -0.0230      0.0057
     29.6107    101.9387      0.6575      1.4630      0.5000      0.9753      1.0000      0.0000      0.0000      0.0000     44.6588     31.0000      0.0000      0.0102     -0.1436      0.1123
     29.6053    101.9450      1.1726      1.4630      1.5000      0.9753      1.0000      0.0000      0.0000      0.0000     44.6588     31.0000      0.0000      0.1806     -0.2418      0.1071
     29.5999    101.9513      1.6876      1.4630      2.5000      0.9753      1.0000     -0.0040      0.0040      0.0056     44.6588     31.0000    225.0000      0.3733     -0.3680      0.1133
     29.5944    101.9576      2.2026      1.4630      3.5000      0.9753      1.0000     -0.0217      0.0217      0.0306     44.6588     31.0000    225.0000      0.1357     -0.0456      0.1187
     29.5890    101.9639      2.7177      1.4630      4.5000      0.9753      1.0000     -0.0310      0.0310      0.0439     44.6588     31.0000    225.0000     -0.0173      0.0987      0.1101
     29.5836    101.9702      3.2327      1.4630      5.5000      0.9753      1.0000     -0.0284      0.0284      0.0401     44.6588     31.0000    225.0000     -0.0084      0.0414      0.0922
     29.5782    101.9765      3.7477      1.4630      6.5000      0.9753      1.0000     -0.0210      0.0210      0.0297     44.6588     31.0000    225.0000      0.0430     -0.0531      0.0725
     29.5728    101.9828      4.2628      1.4630      7.5000      0.9753      1.0000     -0.0149      0.0149      0.0211     44.6588     31.0000    225.0000      0.0593     -0.0877      0.0551
     29.5674    101.9891      4.7778      1.4630      8.5000      0.9753      1.0000     -0.0113      0.0113      0.0160     44.6588     31.0000    225.0000      0.0426     -0.0747      0.0411
     29.5619    101.9954      5.2929      1.4630      9.5000      0.9753      1.0000     -0.0092      0.0092      0.0130     44.6588     31.0000    225.0000      0.0206     -0.0522      0.0304
     29.5565    102.0017      5.8079      1.4630     10.5000      0.9753      1.0000     -0.0076      0.0076      0.0108     44.6588     31.0000    225.0000      0.0060     -0.0359      0.0224
     29.5511    102.0080      6.3229      1.4630     11.5000      0.9753      1.0000     -0.0063      0.0063      0.0090     44.6588     31.0000    225.0000     -0.0027     -0.0243      0.0165
     29.5457    102.0143      6.8380      1.4630     12.5000      0.9753      1.0000     -0.0052      0.0052      0.0074     44.6588     31.0000    225.0000     -0.0082     -0.0148      0.0121
     29.5403    102.0206      7.3530      1.4630     13.5000      0.9753      1.0000     -0.0040      0.0040      0.0057     44.6588     31.0000    225.0048     -0.0087     -0.0102      0.0089
     29.5348    102.0269      7.8681      1.4630     14.5000      0.9753      1.0000     -0.0023      0.0023      0.0033     44.6588     31.0000    225.0000      0.0010     -0.0178      0.0066
     29.6169    101.9458      0.6575      2.4383      0.5000      0.9753      1.0000      0.0000      0.0000      0.0000     44.6588     31.0000      0.0000      0.1357     -0.3620      0.2397
     29.6115    101.9521      1.1726      2.4383      1.5000      0.9753      1.0000      0.0000      0.0000      0.0000     44.6588     31.0000      0.0000      0.6433     -0.7853      0.1879
     29.6061    101.9584      1.6876      2.4383      2.5000      0.9753      1.0000     -0.0222      0.0222      0.0314     44.6588     31.0000    225.0000      0.4320     -0.5344      0.1898
     29.6007    101.9647      2.2026      2.4383      3.5000      0.9753      1.0000     -0.0504      0.0504      0.0713     44.6588     31.0000    225.0000     -0.1152      0.0811      0.1800
     29.5953    101.9710      2.7177      2.4383      4.5000      0.9753      1.0000     -0.0537      0.0550      0.0769     44.6588     31.0000    225.7184     -0.1493      0.1984      0.1518
     29.5898    101.9773      3.2327      2.4383      5.5000      0.9753      1.0000     -0.0429      0.0429      0.0607     44.6588     31.0000    225.0000     -0.0407      0.0181      0.1189
     29.5844    101.9836      3.7477      2.4383      6.5000      0.9753      1.0000     -0.0298      0.0298      0.0421     44.6588     31.0000    225.0000      0.0531     -0.1019      0.0897
     29.5790    101.9899      4.2628      2.4383      7.5000      0.9753      1.0000     -0.0210      0.0210      0.0296     44.6588     31.0000    225.0000      0.0605     -0.1197      0.0664
     29.5736    101.9962      4.7778      2.4383      8.5000      0.9753      1.0000     -0.0157      0.0157      0.0222     44.6588     31.0000    225.0000      0.0346     -0.0927      0.0487
     29.5682    102.0025      5.2929      2.4383      9.5000      0.9753      1.0000     -0.0123      0.0123      0.0173     44.6588     31.0000    225.0000      0.0121     -0.0643      0.0355
     29.5628    102.0088      5.8079      2.4383     10.5000      0.9753      1.0000     -0.0098      0.0098      0.0138     44.6588     31.0000    225.0000     -0.0005     -0.0446      0.0259
     29.5573    102.0151      6.3229      2.4383     11.5000      0.9753      1.0000     -0.0079      0.0079      0.0112     44.6588     31.0000    225.0004     -0.0078     -0.0298      0.0189
     29.5519    102.0214      6.8380      2.4383     12.5000      0.9753      1.0000     -0.0064      0.0064      0.0091     44.6588     31.0000    225.0000     -0.0129     -0.0172      0.0138
     29.5465    102.0277      7.3530      2.4383     13.5000      0.9753      1.0000     -0.0049      0.0049      0.0069     44.6588     31.0000    225.0000     -0.0130     -0.0105      0.0101
     29.5411    102.0340      7.8681      2.4383     14.5000      0.9753      1.0000     -0.0028      0.0028      0.0040     44.6588     31.0000    225.0000     -0.0020     -0.0184      0.0074
     29.6232    101.9529      0.6575      3.4137      0.5000      0.9753      1.0000     -0.0170      0.0170      0.0241     44.6588     31.0000    225.0000      0.0116     -0.7181      0.0673
     29.6178    101.9592      1.1726      3.4137      1.5000      0.9753      1.0000     -0.0307      0.0470      0.0561     44.6588     31.0000    236.8508      1.2011     -1.3636      0.1173
     29.6123    101.9655      1.6876      3.4137      2.5000      0.9753      1.0000     -0.0613      0.0863      0.1059     44.6588     31.0000    234.6307      0.5152     -0.4959      0.2600
     29.6069    101.9718      2.2026      3.4137      3.5000      0.9753      1.0000     -0.0768      0.1034      0.1288     44.6588     31.0000    233.3938      0.0907      0.4004      0.2439
     29.6015    101.9781      2.7177      3.4137      4.5000      0.9753      1.0000     -0.0731      0.0811      0.1092     44.6588     31.0000    227.9762     -0.0554      0.1284      0.1897
     29.5961    101.9844      3.2327      3.4137      5.5000      0.9753      1.0000     -0.0555      0.0555      0.0785     44.6588     31.0000    225.0000      0.0194     -0.1429      0.1407
     29.5907    101.9907      3.7477      3.4137      6.5000      0.9753      1.0000     -0.0382      0.0382      0.0541     44.6588     31.0000    225.0000      0.0780     -0.1876      0.1032
     29.5852    101.9970      4.2628      3.4137      7.5000      0.9753      1.0000     -0.0266      0.0266      0.0376     44.6588     31.0000    225.0000      0.0556     -0.1712      0.0754
     29.5798    102.0033      4.7778      3.4137      8.5000      0.9753      1.0000     -0.0190      0.0190      0.0269     44.6588     31.0000    225.0000      0.0281     -0.1315      0.0549
     29.5744    102.0096      5.2929      3.4137      9.5000      0.9753      1.0000     -0.0141      0.0141      0.0200     44.6588     31.0000    225.0027      0.0104     -0.0931      0.0398
     29.5690    102.0159      5.8079      3.4137     10.5000      0.9753      1.0000     -0.0108      0.0108      0.0153     44.6588     31.0000    225.0000      0.0005     -0.0649      0.0288
     29.5636    102.0222      6.3229      3.4137     11.5000      0.9753      1.0000     -0.0086      0.0086      0.0121     44.6588     31.0000    225.0000     -0.0063     -0.0442      0.0209
     29.5581    102.0285      6.8380      3.4137     12.5000      0.9753      1.0000     -0.0068      0.0068      0.0097     44.6588     31.0000    225.0000     -0.0115     -0.0273      0.0152
     29.5527    102.0348      7.3530      3.4137     13.5000      0.9753      1.0000     -0.0051      0.0051      0.0073     44.6588     31.0000    225.0000     -0.0122     -0.0166      0.0110
     29.5473    102.0411      7.8681      3.4137     14.5000      0.9753      1.0000     -0.0029      0.0029      0.0042     44.6588     31.0000    225.0000     -0.0021     -0.0215      0.0081
     29.6294    101.9599      0.6575      4.3890      0.5000      0.9753      1.0000     -0.0365      0.0365      0.0516     44.6588     31.0000    225.0000      0.0933     -2.6677     -1.2306
     29.6240    101.9663      1.1726      4.3890      1.5000      0.9753      1.0000     -0.2159      0.4162      0.4688     44.6588     31.0000    242.5859     -3.4287      7.5807     -0.5956
     29.6186    101.9726      1.6876      4.3890      2.5000      0.9753      1.0000     -0.1218      0.2662      0.2928     44.6588     31.0000    245.4066      0.5724      1.5618      0.1615
     29.6132    101.9789      2.2026      4.3890      3.5000      0.9753      1.0000     -0.1154      0.1557      0.1938     44.6588     31.0000    233.4617      0.2260     -0.1170      0.2397
     29.6077    101.9852      2.7177      4.3890      4.5000      0.9753      1.0000     -0.0995      0.0995      0.1407     44.6588     31.0000    225.0000     -0.0482     -0.4527      0.1913
     29.6023    101.9915      3.2327      4.3890      5.5000      0.9753      1.0000     -0.0718      0.0718      0.1015     44.6588     31.0000    225.0000      0.0237     -0.3145      0.1434
     29.5969    101.9978      3.7477      4.3890      6.5000      0.9753      1.0000     -0.0489      0.0489      0.0691     44.6588     31.0000    225.0000      0.0043     -0.3110      0.1073
     29.5915    102.0041      4.2628      4.3890      7.5000      0.9753      1.0000     -0.0313      0.0324      0.0450     44.6588     31.0000    226.0264      0.0288     -0.2602      0.0798
     29.5861    102.0104      4.7778      4.3890      8.5000      0.9753      1.0000     -0.0205      0.0217      0.0298     44.6588     31.0000    226.6716      0.0308     -0.1891      0.0587
     29.5806    102.0167      5.2929      4.3890      9.5000      0.9753      1.0000     -0.0145      0.0151      0.0209     44.6588     31.0000    226.1027      0.0140     -0.1320      0.0428
     29.5752    102.0230      5.8079      4.3890     10.5000      0.9753      1.0000     -0.0109      0.0111      0.0156     44.6588     31.0000    225.6007      0.0010     -0.0898      0.0310
     29.5698    102.0293      6.3229      4.3890     11.5000      0.9753      1.0000     -0.0085      0.0087      0.0122     44.6588     31.0000    225.9549     -0.0051     -0.0578      0.0224
     29.5644    102.0356      6.8380      4.3890     12.5000      0.9753      1.0000     -0.0067      0.0070      0.0097     44.6588     31.0000    226.3991     -0.0091     -0.0346      0.0163
     29.5590    102.0419      7.3530      4.3890     13.5000      0.9753      1.0000     -0.0050      0.0052      0.0072     44.6588     31.0000    225.9120     -0.0115     -0.0226      0.0118
     29.5535    102.0482      7.8681      4.3890     14.5000      0.9753      1.0000     -0.0029      0.0029      0.0042     44.6588     31.0000    225.0000     -0.0034     -0.0260      0.0086
     29.6357    101.9670      0.6575      5.3643      0.5000      0.9753      1.0000      0.0000      0.0000      0.0000     44.6588     31.0000      0.0000      1.7201     -5.7023     -2.3353
     29.6302    101.9733      1.1726      5.3643      1.5000      0.9753      1.0000     -0.3268      0.6952      0.7681     44.6588     31.0000    244.8206     -7.4128     14.8442     -1.6041
     29.6248    101.9797      1.6876      5.3643      2.5000      0.9753      1.0000     -0.2480      0.4339      0.4998     44.6588     31.0000    240.2484     -3.0125      4.5950     -0.1939
     29.6194    101.9860      2.2026      5.3643      3.5000      0.9753      1.0000     -0.2072      0.2122      0.2966     44.6588     31.0000    225.6942     -1.7176     -0.3426      0.0909
     29.6140    101.9923      2.7177      5.3643      4.5000      0.9753      1.0000     -0.1470      0.1470      0.2079     44.6588     31.0000    225.0000     -0.7148     -0.3269      0.1236
     29.6086    101.9986      3.2327      5.3643      5.5000      0.9753      1.0000     -0.0980      0.1060      0.1443     44.6588     31.0000    227.2485     -0.3888     -0.2865      0.1152
     29.6031    102.0049      3.7477      5.3643      6.5000      0.9753      1.0000     -0.0554      0.0715      0.0905     44.6588     31.0000    232.1976     -0.0287     -0.2570      0.0977
     29.5977    102.0112      4.2628      5.3643      7.5000      0.9753      1.0000     -0.0302      0.0430      0.0526     44.6588     31.0000    234.8859      0.0953     -0.2721      0.0778
     29.5923    102.0175      4.7778      5.3643      8.5000      0.9753      1.0000     -0.0183      0.0245      0.0306     44.6588     31.0000    233.2025      0.0773     -0.2468      0.0594
     29.5869    102.0238      5.2929      5.3643      9.5000      0.9753      1.0000     -0.0129      0.0151      0.0199     44.6588     31.0000    229.5107      0.0335     -0.1787      0.0441
     29.5815    102.0301      5.8079      5.3643     10.5000      0.9753      1.0000     -0.0098      0.0111      0.0148     44.6588     31.0000    228.3719      0.0091     -0.1077      0.0322
     29.5760    102.0364      6.3229      5.3643     11.5000      0.9753      1.0000     -0.0076      0.0090      0.0118     44.6588     31.0000    229.8656      0.0012     -0.0577      0.0234
     29.5706    102.0427      6.8380      5.3643     12.5000      0.9753      1.0000     -0.0060      0.0074      0.0095     44.6588     31.0000    231.1199     -0.0027     -0.0299      0.0169
     29.5652    102.0490      7.3530      5.3643     13.5000      0.9753      1.0000     -0.0045      0.0055      0.0071     44.6588     31.0000    230.4066     -0.0068     -0.0193      0.0123
     29.5598    102.0553      7.8681      5.3643     14.5000      0.9753      1.0000     -0.0027      0.0031      0.0041     44.6588     31.0000    228.0984     -0.0031     -0.0260      0.0090
     29.6419    101.9741      0.6575      6.3396      0.5000      0.9753      1.0000      0.0000      0.0078      0.0078     44.6588     31.0000    270.0000      1.0464     -3.9471     -1.4472
     29.6365    101.9804      1.1726      6.3396      1.5000      0.9753      1.0000      0.0000      0.3790      0.3790     44.6588     31.0000    270.0000      3.6075      5.4143     -1.5451
     29.6311    101.9867      1.6876      6.3396      2.5000      0.9753      1.0000     -0.2483      0.3356      0.4175     44.6588     31.0000    233.4965     -3.6714      2.3839     -0.5594
     29.6256    101.9931      2.2026      6.3396      3.5000      0.9753      1.0000     -0.2859      0.2859      0.4044     44.6588     31.0000    225.0000     -4.2172      1.4667     -0.1650
     29.6202    101.9994      2.7177      6.3396      4.5000      0.9753      1.0000     -0.1985      0.2449      0.3152     44.6588     31.0000    230.9816     -2.1720      1.3265     -0.0030
     29.6148    102.0057      3.2327      6.3396      5.5000      0.9753      1.0000     -0.1077      0.1807      0.2103     44.6588     31.0000    239.1900     -0.5997      0.7919      0.0610
     29.6094    102.0120      3.7477      6.3396      6.5000      0.9753      1.0000     -0.0506      0.1085      0.1197     44.6588     31.0000    245.0017      0.0687      0.1008      0.0765
     29.6040    102.0183      4.2628      6.3396      7.5000      0.9753      1.0000     -0.0238      0.0538      0.0588     44.6588     31.0000    246.1713      0.1898     -0.3091      0.0703
     29.5985    102.0246      4.7778      6.3396      8.5000      0.9753      1.0000     -0.0139      0.0243      0.0280     44.6588     31.0000    240.2035      0.1192     -0.3710      0.0572
     29.5931    102.0309      5.2929      6.3396      9.5000      0.9753      1.0000     -0.0103      0.0130      0.0166     44.6588     31.0000    231.6616      0.0458     -0.2554      0.0437
     29.5877    102.0372      5.8079      6.3396     10.5000      0.9753      1.0000     -0.0082      0.0101      0.0130     44.6588     31.0000    230.9509      0.0131     -0.1275      0.0323
     29.5823    102.0435      6.3229      6.3396     11.5000      0.9753      1.0000     -0.0065      0.0091      0.0112     44.6588     31.0000    234.5850      0.0045     -0.0518      0.0236
     29.5769    102.0498      6.8380      6.3396     12.5000      0.9753      1.0000     -0.0051      0.0078      0.0093     44.6588     31.0000    236.6223      0.0006     -0.0211      0.0172
     29.5714    102.0561      7.3530      6.3396     13.5000      0.9753      1.0000     -0.0039      0.0058      0.0070     44.6588     31.0000    235.7314     -0.0039     -0.0142      0.0125
     29.5660    102.0624      7.8681      6.3396     14.5000      0.9753      1.0000     -0.0024      0.0032      0.0040     44.6588     31.0000    233.0046     -0.0019     -0.0235      0.0091
     29.6481    101.9812      0.6575      7.3150      0.5000      0.9753      1.0000      0.0000      0.0942      0.0942     44.6588     31.0000    270.0000      1.1959      0.9612     -0.0464
     29.6427    101.9875      1.1726      7.3150      1.5000      0.9753      1.0000     -0.0078      0.0078      0.0110     44.6588     31.0000    225.0000      1.8463     -4.7671     -0.7892
     29.6373    101.9938      1.6876      7.3150      2.5000      0.9753      1.0000     -0.1677      0.1677      0.2371     44.6588     31.0000    225.0000     -1.9677     -1.1693     -0.7403
     29.6319    102.0001      2.2026      7.3150      3.5000      0.9753      1.0000     -0.2379      0.3442      0.4184     44.6588     31.0000    235.3552     -3.5877      3.6023     -0.3854
     29.6265    102.0065      2.7177      7.3150      4.5000      0.9753      1.0000     -0.1660      0.3492      0.3867     44.6588     31.0000    244.5763     -1.8039      3.8414     -0.1241
     29.6210    102.0128      3.2327      7.3150      5.5000      0.9753      1.0000     -0.0852      0.2482      0.2624     44.6588     31.0000    251.0617     -0.4028      2.0414      0.0056
     29.6156    102.0191      3.7477      7.3150      6.5000      0.9753      1.0000     -0.0361      0.1356      0.1403     44.6588     31.0000    255.0967      0.1468      0.4111      0.0527
     29.6102    102.0254      4.2628      7.3150      7.5000      0.9753      1.0000     -0.0153      0.0581      0.0601     44.6588     31.0000    255.2453      0.2063     -0.3835      0.0603
     29.6048    102.0317      4.7778      7.3150      8.5000      0.9753      1.0000     -0.0092      0.0210      0.0230     44.6588     31.0000    246.2726      0.1152     -0.4997      0.0528
     29.5994    102.0380      5.2929      7.3150      9.5000      0.9753      1.0000     -0.0077      0.0098      0.0124     44.6588     31.0000    231.8924      0.0408     -0.3255      0.0417
     29.5939    102.0443      5.8079      7.3150     10.5000      0.9753      1.0000     -0.0065      0.0086      0.0108     44.6588     31.0000    232.8776      0.0113     -0.1425      0.0314
     29.5885    102.0506      6.3229      7.3150     11.5000      0.9753      1.0000     -0.0053      0.0088      0.0103     44.6588     31.0000    238.8708      0.0042     -0.0447      0.0232
     29.5831    102.0569      6.8380      7.3150     12.5000      0.9753      1.0000     -0.0043      0.0078      0.0089     44.6588     31.0000    241.3180      0.0006     -0.0130      0.0169
     29.5777    102.0632      7.3530      7.3150     13.5000      0.9753      1.0000     -0.0033      0.0058      0.0067     44.6588     31.0000    240.1877     -0.0039     -0.0100      0.0123
     29.5723    102.0695      7.8681      7.3150     14.5000      0.9753      1.0000     -0.0021      0.0032      0.0038     44.6588     31.0000    237.2730     -0.0023     -0.0213      0.0090
     29.6544    101.9883      0.6575      8.2903      0.5000      0.9753      1.0000     -0.0703      0.0878      0.1125     44.6588     31.0000    231.3162     -0.9471      0.7132     -0.0048
     29.6490    101.9946      1.1726      8.2903      1.5000      0.9753      1.0000     -0.0917      0.0917      0.1296     44.6588     31.0000    225.0000     -1.4807     -0.5027     -0.6143
     29.6435    102.0009      1.6876      8.2903      2.5000      0.9753      1.0000     -0.0585      0.1685      0.1784     44.6588     31.0000    250.8717      0.5297     -0.2275     -0.7527
     29.6381    102.0072      2.2026      8.2903      3.5000      0.9753      1.0000     -0.0738      0.3278      0.3360     44.6588     31.0000    257.3095      0.3796      3.7277     -0.4491
     29.6327    102.0136      2.7177      8.2903      4.5000      0.9753      1.0000     -0.0707      0.3313      0.3388     44.6588     31.0000    257.9556     -0.0908      3.7125     -0.1735
     29.6273    102.0199      3.2327      8.2903      5.5000      0.9753      1.0000     -0.0434      0.2370      0.2409     44.6588     31.0000    259.6294     -0.0173      2.0031     -0.0239
     29.6219    102.0262      3.7477      8.2903      6.5000      0.9753      1.0000     -0.0192      0.1295      0.1309     44.6588     31.0000    261.5485      0.1242      0.4254      0.0363
     29.6164    102.0325      4.2628      8.2903      7.5000      0.9753      1.0000     -0.0082      0.0542      0.0548     44.6588     31.0000    261.3505      0.1294     -0.3787      0.0512
     29.6110    102.0388      4.7778      8.2903      8.5000      0.9753      1.0000     -0.0057      0.0180      0.0189     44.6588     31.0000    252.4530      0.0692     -0.5089      0.0477
     29.6056    102.0451      5.2929      8.2903      9.5000      0.9753      1.0000     -0.0055      0.0077      0.0094     44.6588     31.0000    234.5484      0.0240     -0.3336      0.0387
     29.6002    102.0514      5.8079      8.2903     10.5000      0.9753      1.0000     -0.0050      0.0074      0.0089     44.6588     31.0000    235.8858      0.0073     -0.1433      0.0296
     29.5948    102.0577      6.3229      8.2903     11.5000      0.9753      1.0000     -0.0042      0.0081      0.0091     44.6588     31.0000    242.5971      0.0031     -0.0413      0.0220
     29.5893    102.0640      6.8380      8.2903     12.5000      0.9753      1.0000     -0.0035      0.0074      0.0082     44.6588     31.0000    244.9118     -0.0006     -0.0096      0.0162
     29.5839    102.0703      7.3530      8.2903     13.5000      0.9753      1.0000     -0.0028      0.0056      0.0062     44.6588     31.0000    243.5921     -0.0049     -0.0077      0.0119
     29.5785    102.0766      7.8681      8.2903     14.5000      0.9753      1.0000     -0.0017      0.0031      0.0035     44.6588     31.0000    240.6498     -0.0036     -0.0192      0.0088
     29.6606    101.9954      0.6575      9.2656      0.5000      0.9753      1.0000     -0.0544      0.0561      0.0782     44.6588     31.0000    225.8878     -0.5203     -0.0149     -0.2709
     29.6552    102.0017      1.1726      9.2656      1.5000      0.9753      1.0000     -0.0329      0.0523      0.0618     44.6588     31.0000    237.7848      0.3695     -1.5059     -0.5790
     29.6498    102.0080      1.6876      9.2656      2.5000      0.9753      1.0000      0.0000      0.1590      0.1590     44.6588     31.0000    270.0000      1.2524      0.8529     -0.5773
     29.6444    102.0143      2.2026      9.2656      3.5000      0.9753      1.0000      0.0000      0.2139      0.2139     44.6588     31.0000    270.0000      1.1940      1.6158     -0.3475
     29.6389    102.0206      2.7177      9.2656      4.5000      0.9753      1.0000     -0.0075      0.2060      0.2062     44.6588     31.0000    267.9101      0.6897      1.4809     -0.1400
     29.6335    102.0270      3.2327      9.2656      5.5000      0.9753      1.0000     -0.0110      0.1565      0.1569     44.6588     31.0000    265.9948      0.2004      0.8985     -0.0205
     29.6281    102.0333      3.7477      9.2656      6.5000      0.9753      1.0000     -0.0067      0.0933      0.0936     44.6588     31.0000    265.8995      0.0660      0.1759      0.0307
     29.6227    102.0396      4.2628      9.2656      7.5000      0.9753      1.0000     -0.0037      0.0433      0.0434     44.6588     31.0000    265.1445      0.0364     -0.2880      0.0447
     29.6173    102.0459      4.7778      9.2656      8.5000      0.9753      1.0000     -0.0034      0.0164      0.0167     44.6588     31.0000    258.4354      0.0176     -0.3845      0.0425
     29.6118    102.0522      5.2929      9.2656      9.5000      0.9753      1.0000     -0.0037      0.0075      0.0083     44.6588     31.0000    243.9151      0.0069     -0.2682      0.0351
     29.6064    102.0585      5.8079      9.2656     10.5000      0.9753      1.0000     -0.0035      0.0067      0.0075     44.6588     31.0000    241.9475      0.0041     -0.1258      0.0272
     29.6010    102.0648      6.3229      9.2656     11.5000      0.9753      1.0000     -0.0031      0.0071      0.0077     44.6588     31.0000    246.2889      0.0025     -0.0419      0.0204
     29.5956    102.0711      6.8380      9.2656     12.5000      0.9753      1.0000     -0.0027      0.0065      0.0071     44.6588     31.0000    247.7891     -0.0012     -0.0118      0.0152
     29.5901    102.0774      7.3530      9.2656     13.5000      0.9753      1.0000     -0.0022      0.0050      0.0055     44.6588     31.0000    246.3460     -0.0054     -0.0075      0.0112
     29.5847    102.0837      7.8681      9.2656     14.5000      0.9753      1.0000     -0.0014      0.0028      0.0031     44.6588     31.0000    243.5743     -0.0044     -0.0170      0.0083
     29.6668    102.0025      0.6575     10.2410      0.5000      0.9753      1.0000     -0.0152      0.0456      0.0481     44.6588     31.0000    251.5748      0.3453     -0.1010     -0.3418
     29.6614    102.0088      1.1726     10.2410      1.5000      0.9753      1.0000     -0.0240      0.1026      0.1054     44.6588     31.0000    256.8468     -0.0777      0.9646     -0.4028
     29.6560    102.0151      1.6876     10.2410      2.5000      0.9753      1.0000     -0.0022      0.1326      0.1326     44.6588     31.0000    269.0421      0.4598      1.2164     -0.3123
     29.6506    102.0214      2.2026     10.2410      3.5000      0.9753      1.0000      0.0000      0.1080      0.1080     44.6588     31.0000    270.0000      0.3856      0.1082     -0.1793
     29.6452    102.0277      2.7177     10.2410      4.5000      0.9753      1.0000      0.0000      0.0880      0.0880     44.6588     31.0000    270.0000      0.2623     -0.1886     -0.0671
     29.6397    102.0340      3.2327     10.2410      5.5000      0.9753      1.0000      0.0000      0.0715      0.0715     44.6588     31.0000    270.0000      0.1436     -0.1002      0.0015
     29.6343    102.0404      3.7477     10.2410      6.5000      0.9753      1.0000     -0.0009      0.0501      0.0501     44.6588     31.0000    269.0145      0.0261     -0.1157      0.0324
     29.6289    102.0467      4.2628     10.2410      7.5000      0.9753      1.0000     -0.0012      0.0287      0.0288     44.6588     31.0000    267.5965     -0.0095     -0.2020      0.0403
     29.6235    102.0530      4.7778     10.2410      8.5000      0.9753      1.0000     -0.0017      0.0143      0.0144     44.6588     31.0000    263.0991     -0.0090     -0.2259      0.0375
     29.6181    102.0593      5.2929     10.2410      9.5000      0.9753      1.0000     -0.0022      0.0079      0.0082     44.6588     31.0000    254.6964     -0.0017     -0.1712      0.0310
     29.6126    102.0656      5.8079     10.2410     10.5000      0.9753      1.0000     -0.0023      0.0063      0.0067     44.6588     31.0000    250.3127      0.0028     -0.0952      0.0242
     29.6072    102.0719      6.3229     10.2410     11.5000      0.9753      1.0000     -0.0021      0.0060      0.0064     44.6588     31.0000    250.6769      0.0025     -0.0417      0.0184
     29.6018    102.0782      6.8380     10.2410     12.5000      0.9753      1.0000     -0.0019      0.0055      0.0058     44.6588     31.0000    250.6797     -0.0010     -0.0164      0.0138
     29.5964    102.0845      7.3530     10.2410     13.5000      0.9753      1.0000     -0.0016      0.0043      0.0046     44.6588     31.0000    249.0308     -0.0049     -0.0087      0.0103
     29.5910    102.0908      7.8681     10.2410     14.5000      0.9753      1.0000     -0.0011      0.0025      0.0027     44.6588     31.0000    246.5285     -0.0044     -0.0150      0.0077
     29.6731    102.0096      0.6575     11.2163      0.5000      0.9753      1.0000      0.0000      0.0062      0.0062     44.6588     31.0000    270.0000      0.4522     -0.7229     -0.0842
     29.6677    102.0159      1.1726     11.2163      1.5000      0.9753      1.0000      0.0000      0.0557      0.0557     44.6588     31.0000    270.0000      0.4365      0.3536     -0.1807
     29.6622    102.0222      1.6876     11.2163      2.5000      0.9753      1.0000     -0.0053      0.0717      0.0719     44.6588     31.0000    265.7490      0.0732      0.5488     -0.1025
     29.6568    102.0285      2.2026     11.2163      3.5000      0.9753      1.0000     -0.0073      0.0479      0.0485     44.6588     31.0000    261.3368     -0.0831     -0.1886     -0.0457
     29.6514    102.0348      2.7177     11.2163      4.5000      0.9753      1.0000     -0.0025      0.0284      0.0285     44.6588     31.0000    264.9096      0.0129     -0.5305     -0.0040
     29.6460    102.0411      3.2327     11.2163      5.5000      0.9753      1.0000      0.0000      0.0221      0.0221     44.6588     31.0000    270.0000      0.0293     -0.4300      0.0228
     29.6406    102.0475      3.7477     11.2163      6.5000      0.9753      1.0000      0.0000      0.0197      0.0197     44.6588     31.0000    270.0000     -0.0048     -0.2509      0.0348
     29.6351    102.0538      4.2628     11.2163      7.5000      0.9753      1.0000     -0.0002      0.0156      0.0156     44.6588     31.0000    269.2679     -0.0125     -0.1537      0.0364
     29.6297    102.0601      4.7778     11.2163      8.5000      0.9753      1.0000     -0.0006      0.0110      0.0110     44.6588     31.0000    266.7087     -0.0086     -0.1173      0.0326
     29.6243    102.0664      5.2929     11.2163      9.5000      0.9753      1.0000     -0.0010      0.0075      0.0076     44.6588     31.0000    262.4792     -0.0006     -0.0922      0.0268
     29.6189    102.0727      5.8079     11.2163     10.5000      0.9753      1.0000     -0.0012      0.0058      0.0059     44.6588     31.0000    258.4659      0.0037     -0.0635      0.0211
     29.6135    102.0790      6.3229     11.2163     11.5000      0.9753      1.0000     -0.0012      0.0050      0.0052     44.6588     31.0000    256.1308      0.0034     -0.0372      0.0162
     29.6080    102.0853      6.8380     11.2163     12.5000      0.9753      1.0000     -0.0012      0.0044      0.0046     44.6588     31.0000    254.4320      0.0001     -0.0190      0.0123
     29.6026    102.0916      7.3530     11.2163     13.5000      0.9753      1.0000     -0.0011      0.0035      0.0037     44.6588     31.0000    252.3673     -0.0034     -0.0099      0.0093
     29.5972    102.0979      7.8681     11.2163     14.5000      0.9753      1.0000     -0.0008      0.0021      0.0022     44.6588     31.0000    250.0578     -0.0036     -0.0132      0.0070
     29.6793    102.0167      0.6575     12.1916      0.5000      0.9753      1.0000      0.0000      0.0000      0.0000     44.6588     31.0000      0.0000      0.2773     -0.3392      0.0909
     29.6739    102.0230      1.1726     12.1916      1.5000      0.9753      1.0000      0.0000      0.0109      0.0109     44.6588     31.0000    270.0000      0.2239     -0.2580      0.0012
     29.6685    102.0293      1.6876     12.1916      2.5000      0.9753      1.0000     -0.0013      0.0186      0.0186     44.6588     31.0000    265.9778      0.1269     -0.1428      0.0127
     29.6631    102.0356      2.2026     12.1916      3.5000      0.9753      1.0000     -0.0041      0.0134      0.0141     44.6588     31.0000    253.0698     -0.0222     -0.2604      0.0233
     29.6576    102.0419      2.7177     12.1916      4.5000      0.9753      1.0000     -0.0020      0.0061      0.0064     44.6588     31.0000    251.6253     -0.0051     -0.3676      0.0296
     29.6522    102.0482      3.2327     12.1916      5.5000      0.9753      1.0000     -0.0002      0.0041      0.0041     44.6588     31.0000    267.7290      0.0176     -0.3308      0.0337
     29.6468    102.0545      3.7477     12.1916      6.5000      0.9753      1.0000      0.0000      0.0058      0.0058     44.6588     31.0000    270.0000      0.0022     -0.2140      0.0345
     29.6414    102.0609      4.2628     12.1916      7.5000      0.9753      1.0000      0.0000      0.0074      0.0074     44.6588     31.0000    270.0000     -0.0030     -0.1151      0.0320
     29.6360    102.0672      4.7778     12.1916      8.5000      0.9753      1.0000     -0.0001      0.0072      0.0072     44.6588     31.0000    269.4498      0.0007     -0.0663      0.0276
     29.6305    102.0735      5.2929     12.1916      9.5000      0.9753      1.0000     -0.0003      0.0061      0.0061     44.6588     31.0000    267.6096      0.0042     -0.0491      0.0226
     29.6251    102.0798      5.8079     12.1916     10.5000      0.9753      1.0000     -0.0004      0.0049      0.0050     44.6588     31.0000    265.0950      0.0061     -0.0399      0.0179
     29.6197    102.0861      6.3229     12.1916     11.5000      0.9753      1.0000     -0.0006      0.0041      0.0042     44.6588     31.0000    262.2236      0.0049     -0.0293      0.0139
     29.6143    102.0924      6.8380     12.1916     12.5000      0.9753      1.0000     -0.0007      0.0035      0.0036     44.6588     31.0000    259.5134      0.0019     -0.0178      0.0107
     29.6088    102.0987      7.3530     12.1916     13.5000      0.9753      1.0000     -0.0007      0.0028      0.0029     44.6588     31.0000    257.0103     -0.0013     -0.0098      0.0082
     29.6034    102.1050      7.8681     12.1916     14.5000      0.9753      1.0000     -0.0005      0.0017      0.0018     44.6588     31.0000    254.7588     -0.0023     -0.0114      0.0063
     29.6856    102.0238      0.6575     13.1669      0.5000      0.9753      1.0000      0.0000      0.0000      0.0000     44.6588     31.0000      0.0000      0.1835     -0.1291      0.1043
     29.6801    102.0301      1.1726     13.1669      1.5000      0.9753      1.0000      0.0000      0.0000      0.0000     44.6588     31.0000      0.0000      0.1585     -0.1777      0.0677
     29.6747    102.0364      1.6876     13.1669      2.5000      0.9753      1.0000      0.0000      0.0000      0.0000     44.6588     31.0000      0.0000      0.1202     -0.2228      0.0529
     29.6693    102.0427      2.2026     13.1669      3.5000      0.9753      1.0000      0.0000      0.0001      0.0001     44.6588     31.0000    270.0000      0.0899     -0.2142      0.0451
     29.6639    102.0490      2.7177     13.1669      4.5000      0.9753      1.0000      0.0000      0.0000      0.0000     44.6588     31.0000      0.0000      0.0535     -0.1870      0.0391
     29.6585    102.0553      3.2327     13.1669      5.5000      0.9753      1.0000      0.0000      0.0002      0.0002     44.6588     31.0000    270.0000      0.0270     -0.1691      0.0348
     29.6530    102.0616      3.7477     13.1669      6.5000      0.9753      1.0000      0.0000      0.0017      0.0017     44.6588     31.0000    270.0000      0.0139     -0.1247      0.0310
     29.6476    102.0680      4.2628     13.1669      7.5000      0.9753      1.0000      0.0000      0.0035      0.0035     44.6588     31.0000    270.0000      0.0065     -0.0750      0.0270
     29.6422    102.0743      4.7778     13.1669      8.5000      0.9753      1.0000      0.0000      0.0044      0.0044     44.6588     31.0000    270.0000      0.0040     -0.0430      0.0228
     29.6368    102.0806      5.2929     13.1669      9.5000      0.9753      1.0000      0.0000      0.0044      0.0044     44.6588     31.0000    270.0000      0.0056     -0.0299      0.0187
     29.6313    102.0869      5.8079     13.1669     10.5000      0.9753      1.0000     -0.0000      0.0039      0.0039     44.6588     31.0000    269.4368      0.0072     -0.0253      0.0149
     29.6259    102.0932      6.3229     13.1669     11.5000      0.9753      1.0000     -0.0001      0.0033      0.0033     44.6588     31.0000    267.5432      0.0059     -0.0205      0.0118
     29.6205    102.0995      6.8380     13.1669     12.5000      0.9753      1.0000     -0.0002      0.0029      0.0029     44.6588     31.0000    265.2245      0.0036     -0.0136      0.0092
     29.6151    102.1058      7.3530     13.1669     13.5000      0.9753      1.0000     -0.0003      0.0023      0.0024     44.6588     31.0000    262.7972      0.0008     -0.0076      0.0071
     29.6097    102.1121      7.8681     13.1669     14.5000      0.9753      1.0000     -0.0002      0.0014      0.0014     44.6588     31.0000    260.7174     -0.0007     -0.0091      0.0055
     29.6918    102.0309      0.6575     14.1423      0.5000      0.9753      1.0000      0.0000      0.0000      0.0000     44.6588     31.0000      0.0000      0.1154     -0.0689      0.0709
     29.6864    102.0372      1.1726     14.1423      1.5000      0.9753      1.0000      0.0000      0.0000      0.0000     44.6588     31.0000      0.0000      0.1121     -0.0606      0.0643
     29.6810    102.0435      1.6876     14.1423      2.5000      0.9753      1.0000      0.0000      0.0000      0.0000     44.6588     31.0000      0.0000      0.0896     -0.0626      0.0532
     29.6755    102.0498      2.2026     14.1423      3.5000      0.9753      1.0000      0.0000      0.0000      0.0000     44.6588     31.0000    270.0000      0.0649     -0.0646      0.0437
     29.6701    102.0561      2.7177     14.1423      4.5000      0.9753      1.0000      0.0000      0.0000      0.0000     44.6588     31.0000      0.0000      0.0440     -0.0688      0.0362
     29.6647    102.0624      3.2327     14.1423      5.5000      0.9753      1.0000      0.0000      0.0001      0.0001     44.6588     31.0000    270.0000      0.0291     -0.0750      0.0304
     29.6593    102.0687      3.7477     14.1423      6.5000      0.9753      1.0000      0.0000      0.0009      0.0009     44.6588     31.0000    270.0000      0.0193     -0.0614      0.0259
     29.6538    102.0751      4.2628     14.1423      7.5000      0.9753      1.0000      0.0000      0.0020      0.0020     44.6588     31.0000    270.0000      0.0122     -0.0424      0.0220
     29.6484    102.0814      4.7778     14.1423      8.5000      0.9753      1.0000      0.0000      0.0027      0.0027     44.6588     31.0000    270.0000      0.0073     -0.0274      0.0184
     29.6430    102.0877      5.2929     14.1423      9.5000      0.9753      1.0000      0.0000      0.0030      0.0030     44.6588     31.0000    270.0000      0.0048     -0.0194      0.0151
     29.6376    102.0940      5.8079     14.1423     10.5000      0.9753      1.0000      0.0000      0.0029      0.0029     44.6588     31.0000    270.0000      0.0041     -0.0156      0.0122
     29.6322    102.1003      6.3229     14.1423     11.5000      0.9753      1.0000      0.0000      0.0027      0.0027     44.6588     31.0000    270.0000      0.0046     -0.0123      0.0098
     29.6267    102.1066      6.8380     14.1423     12.5000      0.9753      1.0000     -0.0000      0.0024      0.0024     44.6588     31.0000    269.4179      0.0041     -0.0078      0.0077
     29.6213    102.1129      7.3530     14.1423     13.5000      0.9753      1.0000     -0.0001      0.0020      0.0020     44.6588     31.0000    267.9079      0.0021     -0.0040      0.0061
     29.6159    102.1192      7.8681     14.1423     14.5000      0.9753      1.0000     -0.0001      0.0012      0.0012     44.6588     31.0000    266.5773      0.0004     -0.0061      0.0048
     29.6980    102.0380      0.6575     15.1176      0.5000      0.9753      1.0000     -0.0000      0.0000      0.0000     44.6588     31.0000    225.0000      0.0722     -0.0435      0.0436
     29.6926    102.0443      1.1726     15.1176      1.5000      0.9753      1.0000      0.0000      0.0000      0.0000     44.6588     31.0000      0.0000      0.0781     -0.0349      0.0453
     29.6872    102.0506      1.6876     15.1176      2.5000      0.9753      1.0000      0.0000      0.0000      0.0000     44.6588     31.0000      0.0000      0.0686     -0.0299      0.0410
     29.6818    102.0569      2.2026     15.1176      3.5000      0.9753      1.0000      0.0000      0.0000      0.0000     44.6588     31.0000    270.0000      0.0540     -0.0296      0.0349
     29.6763    102.0632      2.7177     15.1176      4.5000      0.9753      1.0000      0.0000      0.0000      0.0000     44.6588     31.0000    270.0000      0.0398     -0.0319      0.0293
     29.6709    102.0695      3.2327     15.1176      5.5000      0.9753      1.0000      0.0000      0.0002      0.0002     44.6588     31.0000    270.0000      0.0286     -0.0331      0.0245
     29.6655    102.0758      3.7477     15.1176      6.5000      0.9753      1.0000      0.0000      0.0007      0.0007     44.6588     31.0000    270.0000      0.0204     -0.0282      0.0206
     29.6601    102.0822      4.2628     15.1176      7.5000      0.9753      1.0000      0.0000      0.0013      0.0013     44.6588     31.0000    270.0000      0.0141     -0.0214      0.0174
     29.6547    102.0885      4.7778     15.1176      8.5000      0.9753      1.0000      0.0000      0.0018      0.0018     44.6588     31.0000    270.0000      0.0093     -0.0155      0.0146
     29.6492    102.0948      5.2929     15.1176      9.5000      0.9753      1.0000      0.0000      0.0020      0.0020     44.6588     31.0000    270.0000      0.0059     -0.0112      0.0121
     29.6438    102.1011      5.8079     15.1176     10.5000      0.9753      1.0000      0.0000      0.0021      0.0021     44.6588     31.0000    270.0000      0.0038     -0.0084      0.0099
     29.6384    102.1074      6.3229     15.1176     11.5000      0.9753      1.0000     -0.0000      0.0020      0.0020     44.6588     31.0000    269.9847      0.0027     -0.0058      0.0080
     29.6330    102.1137      6.8380     15.1176     12.5000      0.9753      1.0000      0.0000      0.0019      0.0019     44.6588     31.0000    270.0000      0.0019     -0.0026      0.0065
     29.6275    102.1200      7.3530     15.1176     13.5000      0.9753      1.0000     -0.0000      0.0016      0.0016     44.6588     31.0000    269.9613      0.0012     -0.0003      0.0052
     29.6221    102.1263      7.8681     15.1176     14.5000      0.9753      1.0000      0.0000      0.0010      0.0010     44.6588     31.0000    270.0000      0.0003     -0.0031      0.0041
     29.7043    102.0451      0.6575     16.0929      0.5000      0.9753      1.0000     -0.0000      0.0000      0.0001     44.6588     31.0000    225.0000      0.0453     -0.0286      0.0275
     29.6989    102.0514      1.1726     16.0929      1.5000      0.9753      1.0000     -0.0000      0.0000      0.0000     44.6588     31.0000    225.0000      0.0527     -0.0235      0.0303
     29.6934    102.0577      1.6876     16.0929      2.5000      0.9753      1.0000     -0.0000      0.0000      0.0000     44.6588     31.0000    225.0000      0.0506     -0.0189      0.0291
     29.6880    102.0640      2.2026     16.0929      3.5000      0.9753      1.0000      0.0000      0.0000      0.0000     44.6588     31.0000      0.0000      0.0430     -0.0169      0.0260
     29.6826    102.0703      2.7177     16.0929      4.5000      0.9753      1.0000      0.0000      0.0000      0.0000     44.6588     31.0000    270.0000      0.0341     -0.0175      0.0224
     29.6772    102.0766      3.2327     16.0929      5.5000      0.9753      1.0000      0.0000      0.0001      0.0001     44.6588     31.0000    270.0000      0.0261     -0.0184      0.0190
     29.6717    102.0829      3.7477     16.0929      6.5000      0.9753      1.0000      0.0000      0.0004      0.0004     44.6588     31.0000    270.0000      0.0195     -0.0151      0.0161
     29.6663    102.0893      4.2628     16.0929      7.5000      0.9753      1.0000      0.0000      0.0008      0.0008     44.6588     31.0000    270.0000      0.0142     -0.0118      0.0136
     29.6609    102.0956      4.7778     16.0929      8.5000      0.9753      1.0000      0.0000      0.0010      0.0010     44.6588     31.0000    270.0000      0.0099     -0.0094      0.0115
     29.6555    102.1019      5.2929     16.0929      9.5000      0.9753      1.0000      0.0000      0.0012      0.0012     44.6588     31.0000    270.0000      0.0066     -0.0076      0.0096
     29.6500    102.1082      5.8079     16.0929     10.5000      0.9753      1.0000      0.0000      0.0012      0.0012     44.6588     31.0000    270.0000      0.0042     -0.0061      0.0080
     29.6446    102.1145      6.3229     16.0929     11.5000      0.9753      1.0000      0.0000      0.0012      0.0012     44.6588     31.0000    270.0000      0.0026     -0.0044      0.0066
     29.6392    102.1208      6.8380     16.0929     12.5000      0.9753      1.0000      0.0000      0.0012      0.0012     44.6588     31.0000    270.0000      0.0013     -0.0024      0.0054
     29.6338    102.1271      7.3530     16.0929     13.5000      0.9753      1.0000      0.0000      0.0010      0.0010     44.6588     31.0000    270.0000      0.0002     -0.0009      0.0043
     29.6283    102.1334      7.8681     16.0929     14.5000      0.9753      1.0000      0.0000      0.0006      0.0006     44.6588     31.0000    270.0000     -0.0009     -0.0028      0.0035
